[3.JPG]
filters=CrossProcess=1,0.000000;
moddate=092f5bfa1e49d101
width=4928
height=3264
textactive=0
[2.JPG]
filters=CrossProcess=1,0.000000;
moddate=5404ee181f49d101
width=4928
height=3264
textactive=0
